1	2	25	7	0	1
2	3	25	7	0	1
3	4	25	7	0	1
4	5	25	7	0	1
5	6	25	7	0	1
6	7	25	7	0	1
7	8	25	7	0	1
8	9	25	7	0	1
9	10	25	7	0	1
10	6	1	1	20	1
11	4	1	1	20	1
12	5	1	1	20	1
13	2	1	1	15	1
14	3	1	1	17	1
15	7	1	1	7	1
16	10	1	1	12	1
17	6	2	1	40	1
18	4	2	1	40	1
19	5	2	1	40	1
20	2	2	1	30	1
21	3	2	1	34	1
22	7	2	1	14	1
23	10	2	1	24	1
24	6	3	1	60	1
25	4	3	1	60	1
26	5	3	1	60	1
27	2	3	1	45	1
28	3	3	1	51	1
29	7	3	1	21	1
30	10	3	1	36	1
31	6	4	1	70	1
32	4	4	1	70	1
33	5	4	1	70	1
34	2	4	1	50	1
35	3	4	1	60	1
36	7	4	1	25	1
37	10	4	1	40	1
38	6	5	1	90	1
39	4	5	1	90	1
40	5	5	1	90	1
41	2	5	1	65	1
42	3	5	1	77	1
43	7	5	1	32	1
44	10	5	1	52	1
45	6	6	1	110	1
46	4	6	1	110	1
47	5	6	1	110	1
48	2	6	1	80	1
49	3	6	1	94	1
50	7	6	1	39	1
51	10	6	1	60	1
52	6	7	1	120	1
53	4	7	1	120	1
54	5	7	1	120	1
55	2	7	1	80	1
56	3	7	1	100	1
57	7	7	1	45	1
58	10	7	1	60	1
59	6	8	1	120	1
60	4	8	1	120	1
61	5	8	1	120	1
62	2	8	1	80	1
63	3	8	1	100	1
64	7	8	1	45	1
65	10	8	1	60	1
66	6	9	1	140	1
67	4	9	1	140	1
68	5	9	1	140	1
69	2	9	1	95	1
70	3	9	1	117	1
71	7	9	1	52	1
72	10	9	1	72	1
73	6	10	1	160	1
74	4	10	1	160	1
75	5	10	1	160	1
76	2	10	1	110	1
77	3	10	1	134	1
78	7	10	1	59	1
79	10	10	1	84	1
80	6	11	1	180	1
81	4	11	1	180	1
82	5	11	1	180	1
83	2	11	1	120	1
84	3	11	1	150	1
85	7	11	1	66	1
86	10	11	1	90	1
87	6	12	1	180	1
88	4	12	1	180	1
89	5	12	1	180	1
90	2	12	1	120	1
91	3	12	1	150	1
92	7	12	1	70	1
93	10	12	1	90	1
94	6	13	1	180	1
95	4	13	1	180	1
96	5	13	1	180	1
97	2	13	1	120	1
98	3	13	1	150	1
99	7	13	1	70	1
100	10	13	1	90	1
101	6	14	1	180	1
102	4	14	1	180	1
103	5	14	1	180	1
104	2	14	1	120	1
105	3	14	1	150	1
106	7	14	1	70	1
107	10	14	1	90	1
108	6	15	1	180	1
109	4	15	1	180	1
110	5	15	1	180	1
111	2	15	1	120	1
112	3	15	1	150	1
113	7	15	1	70	1
114	10	15	1	90	1
115	6	16	1	180	1
116	4	16	1	180	1
117	5	16	1	180	1
118	2	16	1	120	1
119	3	16	1	150	1
120	7	16	1	70	1
121	10	16	1	90	1
122	6	17	1	200	1
123	4	17	1	200	1
124	5	17	1	200	1
125	2	17	1	135	1
126	3	17	1	167	1
127	7	17	1	77	1
128	10	17	1	102	1
129	6	18	1	220	1
130	4	18	1	220	1
131	5	18	1	220	1
132	2	18	1	150	1
133	3	18	1	184	1
134	7	18	1	84	1
135	10	18	1	114	1
136	6	19	1	240	1
137	4	19	1	240	1
138	5	19	1	240	1
139	2	19	1	165	1
140	3	19	1	201	1
141	7	19	1	91	1
142	10	19	1	126	1
143	6	20	1	260	1
144	4	20	1	260	1
145	5	20	1	260	1
146	2	20	1	180	1
147	3	20	1	218	1
148	7	20	1	98	1
149	10	20	1	135	1
150	6	21	1	270	1
151	4	21	1	270	1
152	5	21	1	270	1
153	2	21	1	180	1
154	3	21	1	225	1
155	7	21	1	105	1
156	10	21	1	135	1
157	6	22	1	270	1
158	4	22	1	270	1
159	5	22	1	270	1
160	2	22	1	180	1
161	3	22	1	225	1
162	7	22	1	105	1
163	10	22	1	135	1
164	6	23	1	270	1
165	4	23	1	270	1
166	5	23	1	270	1
167	2	23	1	180	1
168	3	23	1	225	1
169	7	23	1	105	1
170	10	23	1	135	1
171	6	24	1	270	1
172	4	24	1	270	1
173	5	24	1	270	1
174	2	24	1	180	1
175	3	24	1	225	1
176	7	24	1	105	1
177	10	24	1	135	1
178	6	1	2	25.432	1
179	4	1	2	25.432	1
180	5	1	2	25.432	1
181	2	1	2	19.074	1
182	3	1	2	21.6172	1
183	7	1	2	8.9012	1
184	10	1	2	15.2592	1
185	6	2	2	50.864	1
186	4	2	2	50.864	1
187	5	2	2	50.864	1
188	2	2	2	38.148	1
189	3	2	2	43.2344	1
190	7	2	2	17.8024	1
191	10	2	2	30.5184	1
192	6	3	2	76.296	1
193	4	3	2	76.296	1
194	5	3	2	76.296	1
195	2	3	2	57.222	1
196	3	3	2	64.8516	1
197	7	3	2	26.7036	1
198	10	3	2	45.7776	1
199	6	4	2	89.012	1
200	4	4	2	89.012	1
201	5	4	2	89.012	1
202	2	4	2	63.58	1
203	3	4	2	76.296	1
204	7	4	2	31.79	1
205	10	4	2	50.864	1
206	6	5	2	114.444	1
207	4	5	2	114.444	1
208	5	5	2	114.444	1
209	2	5	2	82.654	1
210	3	5	2	97.9132	1
211	7	5	2	40.6912	1
212	10	5	2	66.1232	1
213	6	6	2	139.876	1
214	4	6	2	139.876	1
215	5	6	2	139.876	1
216	2	6	2	101.728	1
217	3	6	2	119.5304	1
218	7	6	2	49.5924	1
219	10	6	2	76.296	1
220	6	7	2	152.592	1
221	4	7	2	152.592	1
222	5	7	2	152.592	1
223	2	7	2	101.728	1
224	3	7	2	127.16	1
225	7	7	2	57.222	1
226	10	7	2	76.296	1
227	6	8	2	152.592	1
228	4	8	2	152.592	1
229	5	8	2	152.592	1
230	2	8	2	101.728	1
231	3	8	2	127.16	1
232	7	8	2	57.222	1
233	10	8	2	76.296	1
234	6	9	2	178.024	1
235	4	9	2	178.024	1
236	5	9	2	178.024	1
237	2	9	2	120.802	1
238	3	9	2	148.7772	1
239	7	9	2	66.1232	1
240	10	9	2	91.5552	1
241	6	10	2	203.456	1
242	4	10	2	203.456	1
243	5	10	2	203.456	1
244	2	10	2	139.876	1
245	3	10	2	170.3944	1
246	7	10	2	75.0244	1
247	10	10	2	106.8144	1
248	6	11	2	228.888	1
249	4	11	2	228.888	1
250	5	11	2	228.888	1
251	2	11	2	152.592	1
252	3	11	2	190.74	1
253	7	11	2	83.9256	1
254	10	11	2	114.444	1
255	6	12	2	228.888	1
256	4	12	2	228.888	1
257	5	12	2	228.888	1
258	2	12	2	152.592	1
259	3	12	2	190.74	1
260	7	12	2	89.012	1
261	10	12	2	114.444	1
262	6	13	2	228.888	1
263	4	13	2	228.888	1
264	5	13	2	228.888	1
265	2	13	2	152.592	1
266	3	13	2	190.74	1
267	7	13	2	89.012	1
268	10	13	2	114.444	1
269	6	14	2	228.888	1
270	4	14	2	228.888	1
271	5	14	2	228.888	1
272	2	14	2	152.592	1
273	3	14	2	190.74	1
274	7	14	2	89.012	1
275	10	14	2	114.444	1
276	6	15	2	228.888	1
277	4	15	2	228.888	1
278	5	15	2	228.888	1
279	2	15	2	152.592	1
280	3	15	2	190.74	1
281	7	15	2	89.012	1
282	10	15	2	114.444	1
283	6	16	2	228.888	1
284	4	16	2	228.888	1
285	5	16	2	228.888	1
286	2	16	2	152.592	1
287	3	16	2	190.74	1
288	7	16	2	89.012	1
289	10	16	2	114.444	1
290	6	17	2	254.32	1
291	4	17	2	254.32	1
292	5	17	2	254.32	1
293	2	17	2	171.666	1
294	3	17	2	212.3572	1
295	7	17	2	97.9132	1
296	10	17	2	129.7032	1
297	6	18	2	279.752	1
298	4	18	2	279.752	1
299	5	18	2	279.752	1
300	2	18	2	190.74	1
301	3	18	2	233.9744	1
302	7	18	2	106.8144	1
303	10	18	2	144.9624	1
304	6	19	2	305.184	1
305	4	19	2	305.184	1
306	5	19	2	305.184	1
307	2	19	2	209.814	1
308	3	19	2	255.5916	1
309	7	19	2	115.7156	1
310	10	19	2	160.2216	1
311	6	20	2	330.616	1
312	4	20	2	330.616	1
313	5	20	2	330.616	1
314	2	20	2	228.888	1
315	3	20	2	277.2088	1
316	7	20	2	124.6168	1
317	10	20	2	171.666	1
318	6	21	2	343.332	1
319	4	21	2	343.332	1
320	5	21	2	343.332	1
321	2	21	2	228.888	1
322	3	21	2	286.11	1
323	7	21	2	133.518	1
324	10	21	2	171.666	1
325	6	22	2	343.332	1
326	4	22	2	343.332	1
327	5	22	2	343.332	1
328	2	22	2	228.888	1
329	3	22	2	286.11	1
330	7	22	2	133.518	1
331	10	22	2	171.666	1
332	6	23	2	343.332	1
333	4	23	2	343.332	1
334	5	23	2	343.332	1
335	2	23	2	228.888	1
336	3	23	2	286.11	1
337	7	23	2	133.518	1
338	10	23	2	171.666	1
339	6	24	2	343.332	1
340	4	24	2	343.332	1
341	5	24	2	343.332	1
342	2	24	2	228.888	1
343	3	24	2	286.11	1
344	7	24	2	133.518	1
345	10	24	2	171.666	1
346	6	1	3	50	1
347	4	1	3	50	1
348	5	1	3	50	1
349	2	1	3	37.5	1
350	3	1	3	42.5	1
351	7	1	3	17.5	1
352	10	1	3	30	1
353	6	2	3	100	1
354	4	2	3	100	1
355	5	2	3	100	1
356	2	2	3	75	1
357	3	2	3	85	1
358	7	2	3	35	1
359	10	2	3	60	1
360	6	3	3	150	1
361	4	3	3	150	1
362	5	3	3	150	1
363	2	3	3	112.5	1
364	3	3	3	127.5	1
365	7	3	3	52.5	1
366	10	3	3	90	1
367	6	4	3	175	1
368	4	4	3	175	1
369	5	4	3	175	1
370	2	4	3	125	1
371	3	4	3	150	1
372	7	4	3	62.5	1
373	10	4	3	100	1
374	6	5	3	225	1
375	4	5	3	225	1
376	5	5	3	225	1
377	2	5	3	162.5	1
378	3	5	3	192.5	1
379	7	5	3	80	1
380	10	5	3	130	1
381	6	6	3	275	1
382	4	6	3	275	1
383	5	6	3	275	1
384	2	6	3	200	1
385	3	6	3	235	1
386	7	6	3	97.5	1
387	10	6	3	150	1
388	6	7	3	300	1
389	4	7	3	300	1
390	5	7	3	300	1
391	2	7	3	200	1
392	3	7	3	250	1
393	7	7	3	112.5	1
394	10	7	3	150	1
395	6	8	3	300	1
396	4	8	3	300	1
397	5	8	3	300	1
398	2	8	3	200	1
399	3	8	3	250	1
400	7	8	3	112.5	1
401	10	8	3	150	1
402	6	9	3	350	1
403	4	9	3	350	1
404	5	9	3	350	1
405	2	9	3	237.5	1
406	3	9	3	292.5	1
407	7	9	3	130	1
408	10	9	3	180	1
409	6	10	3	400	1
410	4	10	3	400	1
411	5	10	3	400	1
412	2	10	3	275	1
413	3	10	3	335	1
414	7	10	3	147.5	1
415	10	10	3	210	1
416	6	11	3	450	1
417	4	11	3	450	1
418	5	11	3	450	1
419	2	11	3	300	1
420	3	11	3	375	1
421	7	11	3	165	1
422	10	11	3	225	1
423	6	12	3	450	1
424	4	12	3	450	1
425	5	12	3	450	1
426	2	12	3	300	1
427	3	12	3	375	1
428	7	12	3	175	1
429	10	12	3	225	1
430	6	13	3	450	1
431	4	13	3	450	1
432	5	13	3	450	1
433	2	13	3	300	1
434	3	13	3	375	1
435	7	13	3	175	1
436	10	13	3	225	1
437	6	14	3	450	1
438	4	14	3	450	1
439	5	14	3	450	1
440	2	14	3	300	1
441	3	14	3	375	1
442	7	14	3	175	1
443	10	14	3	225	1
444	6	15	3	450	1
445	4	15	3	450	1
446	5	15	3	450	1
447	2	15	3	300	1
448	3	15	3	375	1
449	7	15	3	175	1
450	10	15	3	225	1
451	6	16	3	450	1
452	4	16	3	450	1
453	5	16	3	450	1
454	2	16	3	300	1
455	3	16	3	375	1
456	7	16	3	175	1
457	10	16	3	225	1
458	6	17	3	500	1
459	4	17	3	500	1
460	5	17	3	500	1
461	2	17	3	337.5	1
462	3	17	3	417.5	1
463	7	17	3	192.5	1
464	10	17	3	255	1
465	6	18	3	550	1
466	4	18	3	550	1
467	5	18	3	550	1
468	2	18	3	375	1
469	3	18	3	460	1
470	7	18	3	210	1
471	10	18	3	285	1
472	6	19	3	600	1
473	4	19	3	600	1
474	5	19	3	600	1
475	2	19	3	412.5	1
476	3	19	3	502.5	1
477	7	19	3	227.5	1
478	10	19	3	315	1
479	6	20	3	650	1
480	4	20	3	650	1
481	5	20	3	650	1
482	2	20	3	450	1
483	3	20	3	545	1
484	7	20	3	245	1
485	10	20	3	345	1
486	6	21	3	700	1
487	4	21	3	700	1
488	5	21	3	700	1
489	2	21	3	487.5	1
490	3	21	3	587.5	1
491	7	21	3	262.5	1
492	10	21	3	375	1
493	6	22	3	750	1
494	4	22	3	750	1
495	5	22	3	750	1
496	2	22	3	500	1
497	3	22	3	625	1
498	7	22	3	280	1
499	10	22	3	375	1
500	6	23	3	750	1
501	4	23	3	750	1
502	5	23	3	750	1
503	2	23	3	500	1
504	3	23	3	625	1
505	7	23	3	287.5	1
506	10	23	3	375	1
507	6	24	3	750	1
508	4	24	3	750	1
509	5	24	3	750	1
510	2	24	3	500	1
511	3	24	3	625	1
512	7	24	3	287.5	1
513	10	24	3	375	1
514	6	1	4	80	1
515	4	1	4	80	1
516	5	1	4	80	1
517	2	1	4	60	1
518	3	1	4	68	1
519	7	1	4	28	1
520	10	1	4	48	1
521	6	2	4	160	1
522	4	2	4	160	1
523	5	2	4	160	1
524	2	2	4	120	1
525	3	2	4	136	1
526	7	2	4	56	1
527	10	2	4	96	1
528	6	3	4	240	1
529	4	3	4	240	1
530	5	3	4	240	1
531	2	3	4	180	1
532	3	3	4	204	1
533	7	3	4	84	1
534	10	3	4	144	1
535	6	4	4	280	1
536	4	4	4	280	1
537	5	4	4	280	1
538	2	4	4	200	1
539	3	4	4	240	1
540	7	4	4	100	1
541	10	4	4	160	1
542	6	5	4	360	1
543	4	5	4	360	1
544	5	5	4	360	1
545	2	5	4	260	1
546	3	5	4	308	1
547	7	5	4	128	1
548	10	5	4	208	1
549	6	6	4	440	1
550	4	6	4	440	1
551	5	6	4	440	1
552	2	6	4	320	1
553	3	6	4	376	1
554	7	6	4	156	1
555	10	6	4	240	1
556	6	7	4	480	1
557	4	7	4	480	1
558	5	7	4	480	1
559	2	7	4	320	1
560	3	7	4	400	1
561	7	7	4	180	1
562	10	7	4	240	1
563	6	8	4	480	1
564	4	8	4	480	1
565	5	8	4	480	1
566	2	8	4	320	1
567	3	8	4	400	1
568	7	8	4	180	1
569	10	8	4	240	1
570	6	9	4	560	1
571	4	9	4	560	1
572	5	9	4	560	1
573	2	9	4	380	1
574	3	9	4	468	1
575	7	9	4	208	1
576	10	9	4	288	1
577	6	10	4	640	1
578	4	10	4	640	1
579	5	10	4	640	1
580	2	10	4	440	1
581	3	10	4	536	1
582	7	10	4	236	1
583	10	10	4	336	1
584	6	11	4	720	1
585	4	11	4	720	1
586	5	11	4	720	1
587	2	11	4	480	1
588	3	11	4	600	1
589	7	11	4	264	1
590	10	11	4	360	1
591	6	12	4	720	1
592	4	12	4	720	1
593	5	12	4	720	1
594	2	12	4	480	1
595	3	12	4	600	1
596	7	12	4	280	1
597	10	12	4	360	1
598	6	13	4	720	1
599	4	13	4	720	1
600	5	13	4	720	1
601	2	13	4	480	1
602	3	13	4	600	1
603	7	13	4	280	1
604	10	13	4	360	1
605	6	14	4	720	1
606	4	14	4	720	1
607	5	14	4	720	1
608	2	14	4	480	1
609	3	14	4	600	1
610	7	14	4	280	1
611	10	14	4	360	1
612	6	15	4	720	1
613	4	15	4	720	1
614	5	15	4	720	1
615	2	15	4	480	1
616	3	15	4	600	1
617	7	15	4	280	1
618	10	15	4	360	1
619	6	16	4	720	1
620	4	16	4	720	1
621	5	16	4	720	1
622	2	16	4	480	1
623	3	16	4	600	1
624	7	16	4	280	1
625	10	16	4	360	1
626	6	17	4	800	1
627	4	17	4	800	1
628	5	17	4	800	1
629	2	17	4	540	1
630	3	17	4	668	1
631	7	17	4	308	1
632	10	17	4	408	1
633	6	18	4	880	1
634	4	18	4	880	1
635	5	18	4	880	1
636	2	18	4	600	1
637	3	18	4	736	1
638	7	18	4	336	1
639	10	18	4	456	1
640	6	19	4	960	1
641	4	19	4	960	1
642	5	19	4	960	1
643	2	19	4	660	1
644	3	19	4	804	1
645	7	19	4	364	1
646	10	19	4	504	1
647	6	20	4	1040	1
648	4	20	4	1040	1
649	5	20	4	1040	1
650	2	20	4	720	1
651	3	20	4	872	1
652	7	20	4	392	1
653	10	20	4	552	1
654	6	21	4	1120	1
655	4	21	4	1120	1
656	5	21	4	1120	1
657	2	21	4	780	1
658	3	21	4	940	1
659	7	21	4	420	1
660	10	21	4	600	1
661	6	22	4	1200	1
662	4	22	4	1200	1
663	5	22	4	1200	1
664	2	22	4	800	1
665	3	22	4	1000	1
666	7	22	4	448	1
667	10	22	4	600	1
668	6	23	4	1200	1
669	4	23	4	1200	1
670	5	23	4	1200	1
671	2	23	4	800	1
672	3	23	4	1000	1
673	7	23	4	460	1
674	10	23	4	600	1
675	6	24	4	1200	1
676	4	24	4	1200	1
677	5	24	4	1200	1
678	2	24	4	800	1
679	3	24	4	1000	1
680	7	24	4	460	1
681	10	24	4	600	1
682	6	1	5	101.728	1
683	4	1	5	101.728	1
684	5	1	5	101.728	1
685	2	1	5	76.296	1
686	3	1	5	86.4688	1
687	7	1	5	35.6048	1
688	10	1	5	61.0368	1
689	6	2	5	203.456	1
690	4	2	5	203.456	1
691	5	2	5	203.456	1
692	2	2	5	152.592	1
693	3	2	5	172.9376	1
694	7	2	5	71.2096	1
695	10	2	5	122.0736	1
696	6	3	5	305.184	1
697	4	3	5	305.184	1
698	5	3	5	305.184	1
699	2	3	5	228.888	1
700	3	3	5	259.4064	1
701	7	3	5	106.8144	1
702	10	3	5	183.1104	1
703	6	4	5	356.048	1
704	4	4	5	356.048	1
705	5	4	5	356.048	1
706	2	4	5	254.32	1
707	3	4	5	305.184	1
708	7	4	5	127.16	1
709	10	4	5	203.456	1
710	6	5	5	457.776	1
711	4	5	5	457.776	1
712	5	5	5	457.776	1
713	2	5	5	330.616	1
714	3	5	5	391.6528	1
715	7	5	5	162.7648	1
716	10	5	5	264.4928	1
717	6	6	5	559.504	1
718	4	6	5	559.504	1
719	5	6	5	559.504	1
720	2	6	5	406.912	1
721	3	6	5	478.1216	1
722	7	6	5	198.3696	1
723	10	6	5	305.184	1
724	6	7	5	610.368	1
725	4	7	5	610.368	1
726	5	7	5	610.368	1
727	2	7	5	406.912	1
728	3	7	5	508.64	1
729	7	7	5	228.888	1
730	10	7	5	305.184	1
731	6	8	5	610.368	1
732	4	8	5	610.368	1
733	5	8	5	610.368	1
734	2	8	5	406.912	1
735	3	8	5	508.64	1
736	7	8	5	228.888	1
737	10	8	5	305.184	1
738	6	9	5	712.096	1
739	4	9	5	712.096	1
740	5	9	5	712.096	1
741	2	9	5	483.208	1
742	3	9	5	595.1088	1
743	7	9	5	264.4928	1
744	10	9	5	366.2208	1
745	6	10	5	813.824	1
746	4	10	5	813.824	1
747	5	10	5	813.824	1
748	2	10	5	559.504	1
749	3	10	5	681.5776	1
750	7	10	5	300.0976	1
751	10	10	5	427.2576	1
752	6	11	5	915.552	1
753	4	11	5	915.552	1
754	5	11	5	915.552	1
755	2	11	5	610.368	1
756	3	11	5	762.96	1
757	7	11	5	335.7024	1
758	10	11	5	457.776	1
759	6	12	5	915.552	1
760	4	12	5	915.552	1
761	5	12	5	915.552	1
762	2	12	5	610.368	1
763	3	12	5	762.96	1
764	7	12	5	356.048	1
765	10	12	5	457.776	1
766	6	13	5	915.552	1
767	4	13	5	915.552	1
768	5	13	5	915.552	1
769	2	13	5	610.368	1
770	3	13	5	762.96	1
771	7	13	5	356.048	1
772	10	13	5	457.776	1
773	6	14	5	915.552	1
774	4	14	5	915.552	1
775	5	14	5	915.552	1
776	2	14	5	610.368	1
777	3	14	5	762.96	1
778	7	14	5	356.048	1
779	10	14	5	457.776	1
780	6	15	5	915.552	1
781	4	15	5	915.552	1
782	5	15	5	915.552	1
783	2	15	5	610.368	1
784	3	15	5	762.96	1
785	7	15	5	356.048	1
786	10	15	5	457.776	1
787	6	16	5	915.552	1
788	4	16	5	915.552	1
789	5	16	5	915.552	1
790	2	16	5	610.368	1
791	3	16	5	762.96	1
792	7	16	5	356.048	1
793	10	16	5	457.776	1
794	6	17	5	1017.28	1
795	4	17	5	1017.28	1
796	5	17	5	1017.28	1
797	2	17	5	686.664	1
798	3	17	5	849.4288	1
799	7	17	5	391.6528	1
800	10	17	5	518.8128	1
801	6	18	5	1119.008	1
802	4	18	5	1119.008	1
803	5	18	5	1119.008	1
804	2	18	5	762.96	1
805	3	18	5	935.8976	1
806	7	18	5	427.2576	1
807	10	18	5	579.8496	1
808	6	19	5	1220.736	1
809	4	19	5	1220.736	1
810	5	19	5	1220.736	1
811	2	19	5	839.256	1
812	3	19	5	1022.3664	1
813	7	19	5	462.8624	1
814	10	19	5	640.8864	1
815	6	20	5	1322.464	1
816	4	20	5	1322.464	1
817	5	20	5	1322.464	1
818	2	20	5	915.552	1
819	3	20	5	1108.8352	1
820	7	20	5	498.4672	1
821	10	20	5	701.9232	1
822	6	21	5	1424.192	1
823	4	21	5	1424.192	1
824	5	21	5	1424.192	1
825	2	21	5	991.848	1
826	3	21	5	1195.304	1
827	7	21	5	534.072	1
828	10	21	5	762.96	1
829	6	22	5	1525.92	1
830	4	22	5	1525.92	1
831	5	22	5	1525.92	1
832	2	22	5	1017.28	1
833	3	22	5	1271.6	1
834	7	22	5	569.6768	1
835	10	22	5	762.96	1
836	6	23	5	1525.92	1
837	4	23	5	1525.92	1
838	5	23	5	1525.92	1
839	2	23	5	1017.28	1
840	3	23	5	1271.6	1
841	7	23	5	584.936	1
842	10	23	5	762.96	1
843	6	24	5	1525.92	1
844	4	24	5	1525.92	1
845	5	24	5	1525.92	1
846	2	24	5	1017.28	1
847	3	24	5	1271.6	1
848	7	24	5	584.936	1
849	10	24	5	762.96	1
850	6	1	6	200	1
851	4	1	6	200	1
852	5	1	6	200	1
853	2	1	6	150	1
854	3	1	6	170	1
855	7	1	6	70	1
856	10	1	6	120	1
857	6	2	6	400	1
858	4	2	6	400	1
859	5	2	6	400	1
860	2	2	6	300	1
861	3	2	6	340	1
862	7	2	6	140	1
863	10	2	6	240	1
864	6	3	6	600	1
865	4	3	6	600	1
866	5	3	6	600	1
867	2	3	6	450	1
868	3	3	6	510	1
869	7	3	6	210	1
870	10	3	6	360	1
871	6	4	6	700	1
872	4	4	6	700	1
873	5	4	6	700	1
874	2	4	6	500	1
875	3	4	6	600	1
876	7	4	6	250	1
877	10	4	6	400	1
878	6	5	6	900	1
879	4	5	6	900	1
880	5	5	6	900	1
881	2	5	6	650	1
882	3	5	6	770	1
883	7	5	6	320	1
884	10	5	6	520	1
885	6	6	6	1100	1
886	4	6	6	1100	1
887	5	6	6	1100	1
888	2	6	6	800	1
889	3	6	6	940	1
890	7	6	6	390	1
891	10	6	6	600	1
892	6	7	6	1200	1
893	4	7	6	1200	1
894	5	7	6	1200	1
895	2	7	6	800	1
896	3	7	6	1000	1
897	7	7	6	450	1
898	10	7	6	600	1
899	6	8	6	1200	1
900	4	8	6	1200	1
901	5	8	6	1200	1
902	2	8	6	800	1
903	3	8	6	1000	1
904	7	8	6	450	1
905	10	8	6	600	1
906	6	9	6	1400	1
907	4	9	6	1400	1
908	5	9	6	1400	1
909	2	9	6	950	1
910	3	9	6	1170	1
911	7	9	6	520	1
912	10	9	6	720	1
913	6	10	6	1600	1
914	4	10	6	1600	1
915	5	10	6	1600	1
916	2	10	6	1100	1
917	3	10	6	1340	1
918	7	10	6	590	1
919	10	10	6	840	1
920	6	11	6	1800	1
921	4	11	6	1800	1
922	5	11	6	1800	1
923	2	11	6	1200	1
924	3	11	6	1500	1
925	7	11	6	660	1
926	10	11	6	900	1
927	6	12	6	1800	1
928	4	12	6	1800	1
929	5	12	6	1800	1
930	2	12	6	1200	1
931	3	12	6	1500	1
932	7	12	6	700	1
933	10	12	6	900	1
934	6	13	6	1800	1
935	4	13	6	1800	1
936	5	13	6	1800	1
937	2	13	6	1200	1
938	3	13	6	1500	1
939	7	13	6	700	1
940	10	13	6	900	1
941	6	14	6	1800	1
942	4	14	6	1800	1
943	5	14	6	1800	1
944	2	14	6	1200	1
945	3	14	6	1500	1
946	7	14	6	700	1
947	10	14	6	900	1
948	6	15	6	1800	1
949	4	15	6	1800	1
950	5	15	6	1800	1
951	2	15	6	1200	1
952	3	15	6	1500	1
953	7	15	6	700	1
954	10	15	6	900	1
955	6	16	6	1800	1
956	4	16	6	1800	1
957	5	16	6	1800	1
958	2	16	6	1200	1
959	3	16	6	1500	1
960	7	16	6	700	1
961	10	16	6	900	1
962	6	17	6	2000	1
963	4	17	6	2000	1
964	5	17	6	2000	1
965	2	17	6	1350	1
966	3	17	6	1670	1
967	7	17	6	770	1
968	10	17	6	1020	1
969	6	18	6	2200	1
970	4	18	6	2200	1
971	5	18	6	2200	1
972	2	18	6	1500	1
973	3	18	6	1840	1
974	7	18	6	840	1
975	10	18	6	1140	1
976	6	19	6	2400	1
977	4	19	6	2400	1
978	5	19	6	2400	1
979	2	19	6	1650	1
980	3	19	6	2010	1
981	7	19	6	910	1
982	10	19	6	1260	1
983	6	20	6	2600	1
984	4	20	6	2600	1
985	5	20	6	2600	1
986	2	20	6	1800	1
987	3	20	6	2180	1
988	7	20	6	980	1
989	10	20	6	1380	1
990	6	21	6	2800	1
991	4	21	6	2800	1
992	5	21	6	2800	1
993	2	21	6	1950	1
994	3	21	6	2350	1
995	7	21	6	1050	1
996	10	21	6	1500	1
997	6	22	6	3000	1
998	4	22	6	3000	1
999	5	22	6	3000	1
1000	2	22	6	2000	1
1001	3	22	6	2500	1
1002	7	22	6	1120	1
1003	10	22	6	1500	1
1004	6	23	6	3000	1
1005	4	23	6	3000	1
1006	5	23	6	3000	1
1007	2	23	6	2000	1
1008	3	23	6	2500	1
1009	7	23	6	1150	1
1010	10	23	6	1500	1
1011	6	24	6	3000	1
1012	4	24	6	3000	1
1013	5	24	6	3000	1
1014	2	24	6	2000	1
1015	3	24	6	2500	1
1016	7	24	6	1150	1
1017	10	24	6	1500	1
